2024-03-20T15:26:37.794979 -642 293 -128
2024-03-20T15:26:38.804285 -633 316 -145
2024-03-20T15:26:39.811580 -630 313 -144
2024-03-20T15:26:40.820084 -635 316 -134
2024-03-20T15:26:41.829287 -657 304 -151
2024-03-20T15:26:42.840570 -645 311 -144
2024-03-20T15:26:43.853373 -631 319 -136
2024-03-20T15:26:44.862944 -676 292 -130
2024-03-20T15:26:45.882178 -637 323 -146
2024-03-20T15:26:46.889165 -636 312 -137
2024-03-20T15:26:47.905575 -645 313 -143
2024-03-20T15:26:48.912856 -658 352 -125
2024-03-20T15:26:49.922499 -632 312 -135
2024-03-20T15:26:50.929483 -665 322 -129
2024-03-20T15:26:51.938441 -645 284 -159
2024-03-20T15:26:52.945862 -641 328 -154
2024-03-20T15:26:53.963459 -656 308 -143
2024-03-20T15:26:54.974373 -653 328 -135
2024-03-20T15:26:55.983568 -625 299 -127
2024-03-20T15:26:56.992675 -645 330 -147
2024-03-20T15:26:57.998447 -654 313 -154
2024-03-20T15:26:59.006279 -631 326 -123
